timestamp,emg1,emg2,emg3,emg4,emg5,emg6,emg7,emg8
1558434136069818,2,6,-14,-6,-5,-8,-7,0
1558434136069818,0,0,-1,-1,-1,-5,-4,-2
1558434136069818,-4,-12,-15,-5,7,6,-10,-6
1558434136069818,1,-2,-10,-13,-16,-12,-2,2
1558434136070816,-6,-1,10,8,6,1,-1,0
1558434136070816,7,15,22,12,20,14,7,0
1558434136071814,4,9,-11,-2,-2,-5,1,1
1558434136071814,-5,-8,2,-6,-7,-5,-13,-7
1558434136081787,-2,2,15,8,9,0,7,7
1558434136081787,2,6,-21,-24,-22,-17,-13,-1
1558434136090763,0,11,9,4,7,14,19,4
1558434136090763,-10,-32,-7,1,7,8,-3,-5
1558434136096746,7,-1,11,9,-2,4,-4,-2
1558434136096746,-5,-7,34,23,9,10,13,4
1558434136112704,6,-2,-56,-36,-12,-14,-7,-1
1558434136112704,11,42,14,2,3,-5,3,2
1558434136121680,-11,-36,-14,-2,2,4,0,-4
1558434136121680,-13,-32,-4,2,0,-6,5,-3
1558434136127663,0,-1,18,14,3,1,-4,-3
1558434136127663,5,12,-4,0,-5,-4,0,1
1558434136150604,8,24,1,3,15,8,3,2
1558434136150604,7,3,-11,-4,-12,-5,-6,1
1558434136151601,-21,-20,-15,-8,-4,-5,-4,-10
1558434136151601,0,-9,-1,0,5,2,6,3
1558434136195482,0,3,7,2,-9,-12,-1,-1
1558434136195482,0,-2,-1,3,0,-3,7,2
1558434136196479,9,32,18,6,-5,-10,-4,0
1558434136196479,-2,-18,-26,-6,-9,-5,-3,-3
1558434136197478,-13,-32,-33,-26,-4,4,-11,-4
1558434136197478,-1,-3,-8,-11,-10,-10,6,-2
1558434136198474,1,-3,14,6,9,9,4,2
1558434136198474,6,12,0,3,-1,-5,-1,2
1558434136210443,10,23,28,16,1,-1,-1,1
1558434136210443,-6,-4,-11,-5,7,5,-2,-3
1558434136216428,4,-6,-15,-10,-3,-1,-12,-1
1558434136216428,-5,-14,12,11,10,7,20,5
1558434136224405,-12,-12,-32,-18,-6,-1,-7,-2
1558434136224405,2,1,17,5,-4,-6,-11,0
1558434136239365,10,21,14,14,10,-3,9,4
1558434136239365,-7,-8,-3,-2,2,0,-5,-1
1558434136247344,-3,-2,11,6,0,1,-3,-2
1558434136247344,8,8,-11,-6,0,1,-5,1
1558434136261306,-21,-33,-14,-9,-9,1,-4,-5
1558434136261306,3,4,-1,-4,-3,2,-7,0
1558434136269286,9,15,0,3,1,3,20,6
1558434136269286,6,20,12,8,-3,-10,-5,-2
1558434136276266,-6,-7,-2,-7,-19,-10,-12,-9
1558434136276266,-8,-2,9,5,12,10,4,-7
1558434136284246,2,2,11,2,-8,-1,-2,0
1558434136284246,4,4,-39,-18,-1,2,9,4
1558434136299207,3,0,19,4,1,-2,3,2
1558434136299207,-19,-21,-19,-7,-6,-5,-16,-7
1558434136314165,1,12,6,7,-1,-7,-5,-6
1558434136314165,-2,5,44,25,3,-6,-7,-2
1558434136321147,1,4,-37,-19,-5,-2,4,-3
1558434136321147,0,-10,1,-10,-8,-1,-9,-6
1558434136330121,1,-15,14,5,-4,-6,3,-1
1558434136330121,-9,-4,-18,-2,8,5,-2,2
1558434136336106,3,8,28,23,11,4,3,6
1558434136336106,13,29,8,0,-1,0,3,1
1558434136344086,-7,-18,-25,-14,1,-2,-8,-7
1558434136344086,0,4,18,5,-1,15,-1,-5
1558434136359046,-9,0,-3,-4,-5,-4,1,0
1558434136359046,9,14,-1,4,2,-6,1,1
1558434136366027,-2,-22,9,-1,3,13,13,4
1558434136366027,-7,-8,-19,-13,-6,4,-15,-12
1558434136382981,-3,-16,-20,-11,-1,-2,-6,-1
1558434136382981,0,7,-15,-16,-9,-7,-2,1
1558434136389963,14,46,37,19,9,4,-2,1
1558434136389963,2,2,-13,-8,-1,4,6,2
1558434136396944,-24,-47,-13,-11,-13,-8,11,-8
1558434136396944,-3,-10,4,4,-1,-2,-4,-5
1558434136403925,8,14,26,14,6,1,-5,3
1558434136403925,-7,-10,-47,-21,-10,-9,-3,-2
1558434136418885,10,5,-7,-13,-7,-10,-7,3
1558434136418885,-6,-3,12,14,12,11,20,6
1558434136426864,-9,-16,-12,-7,3,5,0,0
1558434136426864,11,20,42,27,9,6,7,2
1558434136441824,13,42,-5,-8,-5,-3,-3,1
1558434136441824,-18,-55,-4,-8,-9,-10,-19,-7
1558434136449802,-17,-23,-30,-17,-13,-13,8,-2
1558434136449802,6,7,21,14,2,-1,-2,-1
1558434136456783,-5,-4,-1,4,8,5,-7,-3
1558434136456783,10,4,0,-4,2,5,3,0
1558434136463765,5,18,-4,-4,-2,-4,-15,-2
1558434136463765,-14,-12,11,10,5,1,9,4
1558434136478740,-3,-15,-14,-6,-4,-4,1,0
1558434136478740,4,23,-4,-7,-5,-1,5,-3
1558434136486703,1,-15,-9,2,6,3,-4,-2
1558434136486703,7,1,15,-6,-8,-7,-12,1
1558434136501663,8,30,3,3,7,18,3,-3
1558434136501663,-13,-21,12,8,2,-1,-5,2
1558434136509642,-14,-24,1,-1,-11,-9,5,-6
1558434136509642,2,-5,-7,1,4,2,10,-2
1558434136516624,4,3,-15,-7,4,-3,5,4
1558434136516624,-17,-25,-40,-27,-15,-15,-17,-7
1558434136523605,6,24,1,-1,3,1,-1,-4
1558434136523605,-14,-29,-10,-12,-18,-8,-8,-4
1558434136538565,1,1,25,18,5,-4,-4,-2
1558434136538565,3,18,3,10,18,21,-4,-2
1558434136554522,-1,-10,-15,-10,-4,-3,-3,-6
1558434136554522,3,21,17,12,7,-1,-4,-3
1558434136561504,-18,-50,-37,-20,-8,0,2,-3
1558434136561504,6,21,8,-7,-15,-17,-2,-2
1558434136569482,-3,-16,22,12,3,0,-3,-1
1558434136569482,-4,-11,-25,-17,-15,-5,-6,-1
1558434136576463,4,12,22,19,16,13,7,6
1558434136576463,14,18,21,12,8,0,0,3
1558434136592420,6,12,-21,-7,1,5,-1,-1
1558434136592420,-5,-17,-3,-11,-13,-20,-19,-1
1558434136599402,4,13,26,16,14,8,25,6
1558434136599402,-7,-25,-30,-18,-2,0,1,-2
1558434136606384,8,33,20,14,6,4,3,3
1558434136606384,-16,-39,-22,-6,2,0,0,-4
1558434136621343,6,13,-2,-7,-7,0,-16,-6
1558434136621343,8,19,27,21,12,8,10,7
1558434136629322,-14,-21,-28,-20,-10,-5,-3,-2
1558434136629322,3,-1,15,10,4,0,1,3
1558434136636303,-1,-5,-22,-20,-16,-18,-16,-6
1558434136636303,1,14,18,18,12,4,16,3
1558434136652261,-1,-5,-23,-14,-12,-5,-5,-2
1558434136652261,-11,-8,-24,-21,-14,-11,-3,-6
1558434136659242,9,13,38,25,12,8,3,6
1558434136659242,0,-6,-18,-15,-5,-5,-6,-2
1558434136666223,-11,-28,-13,-3,-4,-12,-9,-4
1558434136666223,7,8,4,-2,-10,-6,1,0
1558434136681184,2,19,11,9,0,4,1,-1
1558434136681184,4,1,4,-1,-15,-8,-6,-1
1558434136689162,6,15,-2,-5,-5,-2,-3,1
1558434136689162,-1,6,11,17,16,15,4,-3
1558434136696143,-9,-7,-24,-18,-9,-12,-2,-4
1558434136696143,-5,-13,12,8,0,0,10,-3
1558434136712101,-3,-19,4,1,-4,1,-3,1
1558434136712101,15,39,26,16,11,9,14,9
1558434136719086,-14,-22,-23,-8,-4,-4,-6,-3
1558434136719086,5,7,-5,-8,-10,-5,-2,-7
1558434136726063,-6,-9,1,-5,4,4,1,0
1558434136726063,-7,-9,4,1,-1,3,-9,-12
1558434136741023,2,-3,2,5,10,13,9,0
1558434136741023,4,10,7,9,4,3,-2,5
1558434136749999,4,9,-8,-5,6,2,-8,-3
1558434136749999,7,14,27,12,4,-3,7,7
1558434136756980,-7,-24,-39,-22,-16,-15,-3,-5
1558434136756980,-9,4,7,-1,-8,-4,-3,-5
1558434136771942,4,13,10,16,10,2,5,2
1558434136771942,-4,-16,-21,-20,-13,-11,-10,-4
1558434136778924,-2,-11,14,4,-4,0,-8,-9
1558434136778924,-2,15,-4,2,1,-5,5,1
1558434136786900,-3,-15,-16,-7,-2,-3,5,-1
1558434136786900,-3,14,-3,3,7,3,2,-1
1558434136801859,-4,-16,21,16,6,3,-4,0
1558434136801859,3,7,-18,-19,-14,-8,-8,-4
1558434136809838,5,1,26,15,8,7,5,4
1558434136809838,-5,-13,-13,-5,-2,-1,-2,-2
1558434136816830,-6,-12,-7,-6,-13,-18,-15,-9
1558434136816830,-2,-1,-23,-11,-3,2,-15,-4
1558434136831781,7,16,14,12,17,13,35,14
1558434136831781,5,-7,-3,-2,5,10,7,5
1558434136838766,3,2,-6,-8,-7,-6,-9,-2
1558434136838766,-11,-13,12,4,-1,-2,4,2
1558434136846758,0,9,-14,-9,-10,-13,-8,-5
1558434136846758,6,20,3,0,4,1,-4,2
1558434136861739,-6,-19,7,10,10,6,8,0
1558434136861739,6,0,-2,-3,-2,0,-6,-1
1558434136869721,-7,-5,-2,-4,-6,-2,-9,-5
1558434136869721,2,11,13,0,-11,-3,-25,-7
1558434136876662,1,7,-26,-15,-7,4,-1,2
1558434136876662,2,-15,2,7,14,7,17,13
1558434136892620,-5,-3,21,15,4,5,8,0
1558434136892620,-4,-7,-9,-10,-4,-6,-6,-5
1558434136898602,2,10,-12,-9,-10,-1,-10,-3
1558434136898602,-2,-12,-11,-20,-10,-11,-4,0
1558434136906581,3,0,2,-1,3,1,-9,-2
1558434136906581,-4,-19,-10,0,4,2,6,1
1558434136921541,1,12,25,9,-1,2,-3,0
1558434136921541,-15,-8,1,0,-13,-13,-19,-10
1558434136929521,3,19,27,24,19,13,16,-6
1558434136929521,-16,-33,-62,-37,-12,-2,5,0
1558434136936500,-2,-2,-14,-12,-2,-1,6,-1
1558434136936500,4,6,9,2,3,2,-7,-3
1558434136952458,-2,-5,-11,-8,-15,-11,-15,-3
1558434136952458,4,16,21,11,-1,-7,-2,-3
1558434136959438,-5,-14,2,7,8,7,6,-1
1558434136959438,5,3,0,3,-3,-4,-10,-3
1558434136966420,10,26,19,5,-2,-3,-1,5
1558434136966420,-9,-24,-12,7,15,10,15,4
1558434136981380,-4,-4,-8,-10,-8,-14,-7,-7
1558434136981380,1,8,5,5,3,7,1,-4
1558434136989359,-19,-36,-42,-27,-18,-16,-5,-5
1558434136989359,11,17,24,9,7,-1,8,3
1558434136998335,-4,2,11,6,4,2,4,-1
1558434136998335,2,3,6,7,7,1,-2,0
1558434137012298,5,8,4,-3,-10,-1,0,-4
1558434137012298,-4,-1,-7,-3,-4,2,-2,-4
1558434137019283,8,20,9,11,13,-1,3,9
1558434137019283,5,-7,10,6,7,4,4,5
1558434137026264,6,29,23,26,14,18,11,7
1558434137026264,-10,-24,-55,-35,-23,-16,-4,-7
1558434137041225,-8,-14,-12,-19,-9,-5,1,-3
1558434137041225,-2,-10,-9,7,5,0,-8,-6
1558434137050197,-8,-21,-27,-24,-9,-6,-6,-2
1558434137050197,4,7,30,15,10,11,3,1
1558434137056180,5,15,7,7,6,11,5,1
1558434137056180,-1,7,10,4,0,-3,0,3
1558434137072138,0,-6,11,3,0,-13,-9,-2
1558434137072138,4,8,-5,-3,-8,-6,2,-3
1558434137079119,-2,-4,-1,0,-8,-9,-5,-2
1558434137079119,1,1,-5,-7,-2,2,6,1
1558434137086101,-5,-6,-3,-1,3,-1,-4,-3
1558434137086101,-3,-2,2,3,-1,-3,4,2
1558434137101067,-3,-8,5,-4,-9,-9,-17,-6
1558434137101067,1,-1,-14,-12,-14,-15,2,-1
1558434137110038,6,-3,-31,-17,-7,-13,0,5
1558434137110038,-1,6,19,15,13,12,10,-2
1558434137117018,-1,-4,-8,-2,-7,-10,-6,0
1558434137117018,-7,-7,-17,-17,-2,4,0,-5
1558434137131982,0,1,24,11,-3,-3,-7,1
1558434137131982,-7,-17,-43,-32,-20,-16,-14,-6
1558434137138961,7,12,18,11,13,17,4,8
1558434137138961,3,5,11,17,7,2,16,7
1558434137146938,-2,0,1,-3,-4,2,-1,-1
1558434137146938,0,0,18,11,9,6,-13,3
1558434137161898,3,7,-8,11,13,4,6,2
1558434137161898,-5,-14,-34,-33,-21,-11,-14,-5
1558434137169882,-10,-11,-3,1,0,4,-9,-10
1558434137169882,-2,1,1,-5,-15,-13,-4,-1
1558434137183868,4,3,6,2,8,5,6,0
1558434137183868,5,20,30,21,19,17,10,4
1558434137191823,-6,-21,-40,-12,-9,-7,-4,-1
1558434137191823,-8,-7,-13,-20,-14,-7,-1,-7
1558434137207843,-3,-10,-6,-5,-17,-15,-6,-2
1558434137207843,4,18,24,21,12,6,-14,-7
1558434137207843,2,-8,-21,-13,-3,4,7,1
1558434137207843,-10,-9,-5,-13,-4,-1,-16,-7
1558434137221737,1,-1,13,16,5,1,20,9
1558434137221737,0,6,-15,-32,-10,-10,1,4
1558434137229719,2,5,26,26,8,0,3,0
1558434137229719,2,2,-6,3,-2,-6,3,1
1558434137244678,-2,-7,-24,-28,-9,1,-9,-5
1558434137244678,-7,-9,6,3,0,7,7,-3
1558434137252656,0,4,-5,-2,0,4,5,2
1558434137252656,6,7,23,18,5,-2,4,1
1558434137267842,-2,4,1,1,2,-1,-7,-5
1558434137267842,-4,-6,13,7,-1,-3,3,0
1558434137267842,-4,-13,-31,-26,-11,-9,-10,-5
1558434137267842,4,10,29,23,9,6,1,5
1558434137281797,-2,4,-24,-10,-2,1,-6,-3
1558434137281797,4,2,3,7,8,6,-1,0
1558434137289559,1,0,57,34,12,7,2,0
1558434137289559,-6,-18,-78,-49,-20,-10,0,-1
1558434137304517,-3,-1,5,-2,-6,-7,1,-5
1558434137304517,-3,-4,-13,-6,-2,-2,-6,-3
1558434137312498,5,15,4,-8,5,5,7,3
1558434137312498,11,14,31,33,28,15,10,6
1558434137327461,-3,-2,-3,-2,-16,-12,-9,-5
1558434137327461,-7,-21,-32,-15,-1,6,-5,-4
1558434137327461,1,8,10,7,-2,-7,-3,-1
1558434137327461,-2,1,23,14,13,12,15,6
1558434137341623,6,11,15,4,-2,-4,-7,-1
1558434137341623,-9,-22,-14,4,-8,6,-5,-5
1558434137350469,-2,-2,-7,-4,-3,-4,-5,-1
1558434137350469,-9,-28,-53,-40,-18,-6,-8,-11
1558434137364579,3,1,15,5,8,-2,3,0
1558434137364579,3,2,21,22,8,-5,4,3
1558434137372335,1,7,-15,-24,-7,1,3,-4
1558434137372335,0,2,13,14,9,6,2,1
1558434137387297,6,19,52,28,11,1,-7,3
1558434137387297,-12,-19,-58,-40,-28,-12,-4,-7
1558434137388293,0,4,-4,-4,-6,-3,-6,-5
1558434137388293,3,15,40,33,29,22,3,5
1558434137402280,-11,-25,-38,-22,-12,-14,-7,0
1558434137402280,4,3,35,20,17,13,16,4
1558434137410431,-9,-7,-19,-9,-6,2,-15,-8
1558434137410431,6,25,37,12,-4,-6,-2,-4
1558434137424403,-2,7,-35,-22,-7,7,1,-1
1558434137424403,-4,-4,13,8,2,0,-1,1
1558434137432397,-5,-16,-35,-22,-13,-16,-10,-1
1558434137432397,-3,-18,19,10,2,-1,3,-3
1558434137447172,-1,-8,-6,0,5,12,2,-1
1558434137447172,6,15,-3,-1,-5,-12,-8,3
1558434137448133,-4,-3,25,22,14,8,23,4
1558434137448133,-1,8,-23,-13,-19,-14,-11,-4
1558434137461100,-4,-9,-3,-11,-4,3,5,3
1558434137461100,2,-6,1,8,5,-7,-3,3
1558434137470078,4,9,19,14,7,3,2,2
1558434137470078,-4,-8,-1,-7,-5,-14,-16,-4
1558434137484035,-1,-1,-27,-20,-7,-2,2,0
1558434137484035,-3,3,28,9,-2,3,-1,-1
1558434137492015,2,1,-30,-9,10,8,17,1
1558434137492015,-4,-11,-18,-19,-13,-6,-8,-4
1558434137506974,2,10,57,41,24,12,6,1
1558434137506974,-2,-1,-41,-22,-11,-7,-2,-3
1558434137514953,-4,1,-1,-5,-13,-9,-12,-4
1558434137514953,5,7,8,8,-2,-3,0,3
1558434137529977,-8,-24,-16,-7,-3,0,-9,-9
1558434137529977,-1,8,7,4,-1,-2,4,2
1558434137530911,2,-2,15,8,4,-6,-12,-3
1558434137530911,-1,-4,-17,-3,-2,-1,3,0
1558434137543943,-6,-5,-5,2,5,10,2,-4
1558434137543943,0,2,-5,3,-3,-5,3,-4
1558434137551863,4,5,-9,-17,-9,2,-4,0
1558434137551863,-2,-13,9,6,2,2,1,1
1558434137566814,-3,7,11,2,-6,-8,-2,1
1558434137566814,-1,-4,-2,3,-1,-7,-1,-2
1558434137574823,-1,4,-4,-4,4,-1,5,4
1558434137574823,-4,-21,-12,-8,-8,-8,-5,-3
1558434137581776,6,28,8,3,-2,-3,7,3
1558434137581776,-10,-16,0,-4,-3,-3,-15,-10
1558434137589755,-2,-2,5,2,-7,-9,-2,-3
1558434137589755,1,14,-2,-2,11,15,11,2
1558434137603781,-1,-9,6,9,-1,-2,-1,-2
1558434137603781,9,14,30,20,8,4,-3,-1
1558434137612700,-10,-21,-66,-46,-26,-18,-13,-9
1558434137612700,-1,8,2,-7,-8,2,2,2
1558434137626700,-14,-3,4,13,5,1,-7,-3
1558434137626700,-1,-13,-10,-12,-9,-4,-5,2
1558434137634699,5,-1,25,19,11,14,10,4
1558434137634699,-1,11,4,3,-4,-10,-4,-1
1558434137641625,7,-3,0,5,2,0,4,5
1558434137641625,-3,-1,-8,-15,-4,-2,-1,-1
1558434137649717,3,0,1,8,-2,2,-2,3
1558434137649717,4,2,-1,8,3,-3,-4,-2
1558434137664554,1,-8,-3,-7,-5,2,-6,-3
1558434137664554,-8,-3,-3,-6,-3,-10,-20,-6
1558434137672532,2,-2,1,-3,-3,1,8,2
1558434137672532,7,13,24,15,8,-4,6,4
1558434137686495,0,-7,-23,-14,-4,-1,-1,2
1558434137686495,5,10,-5,-19,-4,4,3,2
1558434137694513,-1,5,16,7,-5,-5,-14,-5
1558434137694513,-6,-7,-8,-4,-4,2,-2,-4
1558434137710432,5,-1,-5,-2,0,-7,6,-2
1558434137710432,-2,-8,-5,3,-9,2,8,1
1558434137711429,-11,-4,-4,-12,-11,-11,-10,-6
1558434137711429,-8,-8,-5,-2,6,6,0,-3
1558434137724670,0,2,12,2,5,-6,0,1
1558434137724670,7,18,-5,5,8,9,5,3
1558434137732577,-1,-5,-2,3,-2,-7,-2,-2
1558434137732577,-5,-9,-10,-13,-7,-5,-5,-2
1558434137746555,-3,2,10,0,-11,-5,-8,-6
1558434137746555,2,-2,-2,1,6,2,4,-1
1558434137754314,0,4,6,3,5,5,-6,-1
1558434137754314,-1,0,2,-4,-11,-14,-17,-5
1558434137770307,4,2,-1,20,9,4,23,12
1558434137770307,0,-5,-3,0,11,6,5,-1
1558434137771267,-7,-5,-21,-12,4,12,2,-4
1558434137771267,-3,-11,5,-4,-10,0,-7,-4
1558434137784273,-8,-9,-10,-11,-11,-5,-15,-9
1558434137784273,4,5,4,-1,-7,-8,-5,0
1558434137792211,2,1,14,12,9,-3,-1,1
1558434137792211,-1,3,-4,4,9,10,3,0
1558434137806232,2,4,-5,-7,-2,-1,-8,-5
1558434137806232,-3,3,12,7,2,2,7,2
1558434137815252,3,-1,34,15,16,3,-1,1
1558434137815252,1,2,-29,6,4,10,11,1
1558434137830111,-10,-26,-55,-48,-20,-9,-6,-9
1558434137830111,-3,2,4,1,2,-1,4,0
1558434137831109,0,-3,18,13,-2,-2,-3,2
1558434137831109,-5,-18,3,7,9,3,3,2
1558434137844073,-1,-4,0,-3,0,0,-2,-2
1558434137844073,-1,-4,-1,-7,-15,-8,-11,-4
1558434137852417,2,17,2,6,3,1,8,4
1558434137852417,3,9,1,-2,2,0,0,1
1558434137867363,0,-2,5,2,-6,-10,-7,3
1558434137867363,-2,2,-7,-4,2,5,2,-4
1558434137875260,5,-1,2,3,2,2,4,0
1558434137875260,-12,-8,1,2,-10,-7,-8,-8
1558434137888957,3,11,28,5,8,4,-2,1
1558434137888957,-2,-12,-24,-10,-17,-12,-3,-4
1558434137897953,-14,-12,-38,-15,-12,-11,-2,-6
1558434137897953,3,-3,9,-4,-2,1,-1,-2
1558434137904060,0,4,8,9,12,14,1,-4
1558434137904060,-3,-3,2,0,6,1,-3,0
1558434137912890,4,-2,0,3,1,1,-6,0
1558434137912890,1,9,-7,-10,-5,-4,2,2
1558434137927040,-1,-3,26,19,4,0,11,3
1558434137927040,2,5,0,0,9,7,7,-4
1558434137935834,-1,2,2,0,3,6,-4,3
1558434137935834,7,17,45,34,18,5,-2,0
1558434137949791,11,7,-32,-8,-20,-2,6,4
1558434137949791,-30,-40,-54,-42,-9,-7,-10,-9
1558434137957769,-6,-22,-7,-21,-19,-18,-5,-5
1558434137957769,-3,-7,7,8,11,5,7,2
1558434137965220,0,3,27,21,3,1,-5,2
1558434137965220,12,24,15,14,10,12,8,8
1558434137972730,-1,-5,0,-6,-7,-4,-2,0
1558434137972730,5,11,-4,-7,-1,3,13,4
1558434137987015,-6,-9,-11,-7,1,1,-5,-7
1558434137987015,4,4,16,10,-10,-12,4,2
1558434137995670,2,10,-7,-4,0,-3,-6,-4
1558434137995670,2,2,8,9,3,6,6,-2
1558434138009723,-18,-25,-39,-27,-23,-20,-17,-13
1558434138009723,-1,-8,-5,-5,-1,-2,-15,-8
1558434138017835,3,8,19,18,13,6,8,4
1558434138017835,4,3,-11,-11,-17,-7,-6,1
1558434138023592,3,11,8,0,8,2,-1,5
1558434138023592,-2,0,12,11,7,5,6,2
1558434138032783,1,4,-8,0,-7,0,-4,-1
1558434138032783,-19,-47,-14,-10,-2,-3,-4,-4
1558434138046757,6,14,12,1,6,-1,5,2
1558434138046757,4,7,15,14,-3,-9,-4,-1
1558434138055508,1,5,-18,-15,-4,0,-6,-5
1558434138055508,-7,-22,-10,-14,-12,-5,-3,-1
1558434138069771,-7,-2,-11,-9,-6,-8,-2,-4
1558434138069771,4,1,21,12,4,-4,-9,2
1558434138077452,6,17,0,5,7,2,9,2
1558434138077452,5,11,-1,-15,-7,-10,-7,-1
1558434138084654,3,2,3,13,8,13,11,-1
1558434138084654,6,15,-19,-9,1,3,-2,-2
1558434138093407,-11,-15,11,-7,-7,-1,-7,-4
1558434138093407,0,2,-23,-4,-7,-9,-7,-3
1558434138106408,2,-3,11,2,-5,-4,0,5
1558434138106408,4,5,11,7,10,5,-3,3
1558434138115348,-4,-2,7,5,2,6,16,5
1558434138115348,-2,13,5,6,-4,-8,-10,-3
1558434138129349,-7,-4,-9,-11,1,6,4,-4
1558434138129349,-5,-15,-22,-22,-6,-1,11,-1
1558434138138287,7,7,8,5,3,-1,-8,4
1558434138138287,7,18,6,3,9,10,2,0
1558434138144718,-3,-15,7,6,0,-4,-4,1
1558434138144718,-5,0,-9,-12,-19,-12,-4,-2
1558434138153284,1,-1,3,-2,-7,-8,-3,-2
1558434138153284,5,12,-23,-7,22,18,23,10
1558434138167209,-5,4,1,6,3,0,-16,-6
1558434138167209,-6,-14,10,0,4,6,12,-5
1558434138175385,-4,-13,-23,-28,-19,-12,-5,-3
1558434138175385,1,3,14,6,0,-9,-5,-5
1558434138189150,4,4,5,5,-2,3,0,-2
1558434138189150,0,5,0,-2,-2,-1,-6,0
1558434138198128,0,-7,-18,-4,1,5,2,-1
1558434138198128,-5,-5,0,-7,-9,-14,-8,-6
1558434138204144,1,2,4,-1,1,1,15,4
1558434138204144,-7,-22,-24,-10,-5,-11,-10,-5
1558434138213085,0,3,2,9,6,6,6,-5
1558434138213085,0,0,-6,-6,-6,-4,-9,0
1558434138227192,1,1,11,10,5,-5,-1,1
1558434138227192,-2,-1,11,9,6,7,-6,3
1558434138235237,-1,-10,2,3,8,2,5,1
1558434138235237,1,6,15,15,-4,-9,5,6
1558434138249191,-3,11,-39,-34,-19,-13,-14,-8
1558434138249191,-5,-16,1,0,-2,-3,0,-3
1558434138257972,-4,-6,3,6,3,0,-4,-1
1558434138257972,1,3,8,8,11,5,-12,-2
1558434138264141,0,-5,-11,-13,-1,10,14,1
1558434138264141,2,0,-10,-5,-7,-15,-4,4
1558434138272927,12,34,32,16,5,3,15,4
1558434138272927,-15,-24,-25,-15,-7,-1,-7,-4
1558434138287099,-5,-14,-18,-12,-3,-3,1,-2
1558434138287099,1,10,-3,-1,4,3,-12,2
1558434138295865,2,-1,1,7,2,1,-5,1
1558434138295865,3,3,20,13,7,7,7,0
1558434138309048,1,-1,-5,-6,1,-1,-5,-4
1558434138309048,1,-2,3,4,0,3,8,-3
1558434138317806,-4,-1,-2,0,-4,-7,1,0
1558434138317806,-4,-4,-8,-6,-5,-5,-7,-3
1558434138323791,-4,-16,-10,0,-4,2,4,0
1558434138323791,4,13,21,13,5,-2,-4,2
1558434138332967,-3,6,16,10,4,3,6,-4
1558434138332967,-7,-5,-40,-32,-13,-9,-6,-11
1558434138346728,2,-1,7,7,1,0,-3,-2
1558434138346728,7,14,9,7,8,3,14,-1
1558434138355705,-3,-11,5,7,7,8,-3,3
1558434138355705,-4,-4,-3,-1,-5,-9,7,1
1558434138369669,3,19,9,0,-4,-5,-2,-1
1558434138369669,-4,-4,-1,-7,-5,3,-2,-4
1558434138377645,-8,-14,-23,-15,-11,-6,-15,-5
1558434138377645,-2,-26,20,13,7,-3,-3,-2
1558434138384692,9,13,5,4,9,12,8,5
1558434138384692,-2,-3,1,-2,-1,4,1,-2
1558434138392835,0,4,-2,4,2,-1,-6,1
1558434138392835,-2,8,-11,-11,-2,2,-4,-1
1558434138406847,2,-1,22,16,1,-10,-5,3
1558434138406847,-4,-3,-1,9,-1,0,5,1
1558434138415548,-3,-11,-15,-26,-7,-2,-6,-9
1558434138415548,0,5,-3,-10,-14,-9,2,-2
1558434138429508,-1,3,-20,-11,-4,-7,-1,-3
1558434138429508,-6,-12,2,0,1,-2,3,-1
1558434138437519,-3,8,4,3,4,-3,-6,-2
1558434138437519,3,-7,-1,2,-3,0,1,-1
1558434138444467,-5,-1,11,5,9,5,-7,-2
1558434138444467,6,9,-5,-5,-16,-14,-7,-1
1558434138452723,-4,-2,-5,4,0,4,2,0
1558434138452723,-6,-10,-11,-11,7,5,-3,0
1558434138466691,-10,-24,-3,6,8,6,9,1
1558434138466691,7,14,33,18,12,6,4,1
1558434138475475,-11,-16,-38,-30,-19,-13,-4,-6
1558434138475475,4,16,3,-1,-6,-2,-5,-3
1558434138489555,-3,-4,3,4,8,8,-4,-3
1558434138489555,0,0,6,1,0,1,2,0
1558434138498325,2,4,16,21,13,5,-5,0
1558434138498325,7,18,47,22,21,17,22,8
1558434138504307,-8,-16,-88,-54,-32,-18,-10,-10
1558434138504307,-15,-20,-21,-21,-11,-9,-3,-4
1558434138513285,6,-5,14,11,9,5,5,9
1558434138513285,-1,-6,5,1,-8,-6,-8,-3
1558434138526479,5,5,22,14,5,5,2,2
1558434138526479,3,15,-15,-6,-2,-4,0,2
1558434138535224,-4,-3,-7,-8,-5,-5,-7,-6
1558434138535224,5,6,11,16,9,11,-2,1
1558434138549463,0,10,32,23,8,-3,5,6
1558434138549463,2,4,-31,-6,-11,-2,-10,-3
1558434138558165,-9,-29,-7,-9,1,3,-2,-4
1558434138558165,0,2,6,3,-7,-5,0,-1
1558434138564427,-10,-13,-34,-22,-23,-15,-19,-9
1558434138564427,4,3,7,2,15,10,5,1
1558434138573123,2,7,21,15,11,6,15,2
1558434138573123,-5,-5,-16,-10,-8,-3,-1,-5
1558434138587266,-2,-4,13,6,0,-4,-5,1
1558434138587266,0,1,13,13,-7,-3,4,0
1558434138595287,13,23,-9,-10,-5,4,1,0
1558434138595287,-4,9,14,17,3,0,1,4
1558434138609028,-17,-37,-32,-25,-13,-8,-4,-4
1558434138609028,-3,-13,-6,-1,7,12,1,-3
1558434138618004,-11,-8,-15,-11,-6,-4,-5,-5
1558434138618004,8,2,-4,-4,-3,-2,-1,1
1558434138633243,8,21,29,18,12,3,-1,3
1558434138633243,-4,-3,2,-5,-11,-10,-11,-1
1558434138634961,3,2,1,2,0,-7,4,1
1558434138634961,-2,2,0,3,7,1,4,-3
1558434138647170,2,15,33,13,0,2,2,-2
1558434138647170,1,2,2,13,-4,-8,-4,-2
1558434138655900,-12,-20,-23,-22,-15,-9,-7,-7
1558434138655900,-7,-15,-15,-25,-11,-5,-18,-8
1558434138668871,5,5,-6,0,13,6,10,3
1558434138668871,2,11,25,19,5,4,-1,0
1558434138677983,0,0,15,14,4,3,0,2
1558434138677983,1,3,-6,3,7,8,10,4
1558434138693078,6,18,56,39,13,14,3,7
1558434138693078,-8,-23,-70,-57,-14,-3,-2,-9
1558434138693800,-7,0,11,6,-3,-5,-9,-5
1558434138693800,-5,-13,-29,-17,-7,-8,-7,2
1558434138706766,6,4,4,-14,-13,-11,-2,-2
1558434138706766,-4,0,4,-3,8,4,15,2
1558434138715745,5,11,-3,-5,-2,4,6,1
1558434138715745,4,5,29,25,4,-4,-1,3
1558434138728737,4,12,4,0,-2,-7,-9,0
1558434138728737,-3,-9,-27,-17,-9,-11,-13,-3
1558434138737683,-1,-14,10,11,13,8,0,-1
1558434138737683,-10,-17,-28,-24,-12,-10,-5,-8
1558434138753644,-1,-1,12,6,9,11,1,-5
1558434138753644,-5,-7,-40,-22,-14,-10,-13,-9
1558434138754640,12,27,32,22,8,-1,2,4
1558434138754640,2,2,-6,-5,0,7,9,3
1558434138766610,2,11,-3,2,5,3,8,3
1558434138766610,-1,-8,23,11,3,5,3,0
1558434138775587,-12,-13,0,-4,-8,-6,-10,-5
1558434138775587,2,8,-12,-12,-10,-13,-8,-5
1558434138788547,-2,-23,0,6,6,-2,0,2
1558434138788547,0,1,-15,-15,-4,-4,-3,-1
1558434138797791,-5,4,-8,-7,-10,-5,0,-5
1558434138797791,1,-6,9,13,3,-1,-1,2
1558434138812726,4,10,4,0,3,9,6,7
1558434138812726,2,7,13,11,14,14,16,4
1558434138814477,-2,-16,-13,-19,-11,-11,-6,-3
1558434138814477,0,7,-2,3,5,3,3,-1
1558434138826444,-8,-11,-10,-8,-11,-13,-3,-7
1558434138826444,0,-1,14,13,-2,-5,-4,2
1558434138835420,5,6,-8,-9,9,5,0,1
1558434138835420,-3,-2,0,0,-12,0,-3,-3
1558434138849383,-3,-7,-31,-21,-21,-24,-11,-2
1558434138849383,-6,-14,24,15,9,7,-3,0
1558434138857360,7,10,2,1,6,1,10,6
1558434138857360,4,3,18,10,3,0,1,2
1558434138873779,-14,-11,-18,-13,-11,-3,-12,-7
1558434138873779,-2,-1,4,1,-10,-5,8,1
1558434138874317,4,11,9,6,-6,-2,-6,0
1558434138874317,-2,1,-21,-10,7,6,-1,0
1558434138887392,-1,-12,-5,1,3,3,1,0
1558434138887392,1,4,6,14,13,-2,1,2
1558434138895261,-1,-6,13,15,1,6,-2,-2
1558434138895261,-7,-12,-35,-29,-16,-13,-9,-9
1558434138909565,-6,3,7,1,-1,6,1,-6
1558434138909565,0,0,11,7,5,-10,-10,-1
1558434138918200,1,-1,-16,-14,-16,-11,2,1
1558434138918200,2,5,19,14,12,1,-1,1
1558434138933158,3,-3,6,1,3,8,8,1
1558434138933158,-5,-5,-12,-16,-12,-7,3,-5
1558434138934156,-3,3,24,19,0,-3,-7,-5
1558434138934156,-6,-8,1,-10,-10,-4,0,-3
1558434138946125,-6,-20,-59,-33,-15,-13,-3,-6
1558434138946125,3,8,19,5,2,7,0,0
1558434138955106,1,8,9,11,4,3,2,-4
1558434138955106,-3,-10,-10,-15,-5,2,1,-3
1558434138969499,9,21,15,15,7,2,0,2
1558434138969499,-1,-9,0,0,-9,-1,4,-2
1558434138978040,-8,-18,-25,-16,-2,-4,-3,-4
1558434138978040,-5,-9,-9,-3,-3,-4,-6,-5
1558434138993470,2,8,23,13,1,1,4,-1
1558434138993470,4,5,-6,6,10,9,-3,1
1558434138993996,-3,-8,-45,-37,-9,-4,-6,1
1558434138993996,-3,-4,0,10,4,6,8,-1
1558434139007338,-1,-1,4,2,-4,-7,0,1
1558434139007338,-1,5,3,-1,-4,-3,-9,-1
1558434139015149,-1,-4,14,14,0,-1,15,3
1558434139015149,-1,6,13,13,5,8,-5,-2
1558434139029302,2,3,-6,-3,-1,1,7,1
1558434139029302,1,2,-18,2,5,4,-4,-3
1558434139037882,-10,-8,-16,-17,-12,-7,-9,-5
1558434139037882,-2,-9,7,1,6,0,9,7
1558434139053181,-1,-5,13,-1,-4,-1,-7,-3
1558434139053181,-1,-3,-7,0,1,-5,3,0
1558434139054078,3,9,-1,3,2,1,1,1
1558434139054078,5,9,1,-4,-6,-6,-6,1
1558434139067134,-1,1,15,14,10,3,-5,-1
1558434139067134,-4,-10,-17,-25,-13,-4,-9,-2
1558434139075780,7,8,20,26,12,5,18,6
1558434139075780,1,6,-16,-11,-1,-2,-4,-3
1558434139089790,-11,-11,-26,-19,-10,-4,-1,-6
1558434139089790,-2,3,8,-7,-5,-6,-8,-1
1558434139097901,-4,-6,-3,-1,-2,-5,-4,-3
1558434139097901,5,7,10,7,-3,-1,0,1
1558434139112977,2,0,5,5,2,-1,-9,3
1558434139112977,6,10,14,15,5,7,13,2
1558434139114676,-10,-8,-7,-1,5,6,-7,0
1558434139114676,-7,-17,-32,-35,-17,-18,5,2
1558434139126668,0,2,-7,-4,-7,-8,-2,-2
1558434139126668,-2,-4,14,5,-2,5,3,2
1558434139135619,7,7,8,10,13,5,2,2
1558434139135619,3,8,1,5,4,-5,-10,-1
1558434139149865,-4,-7,4,-3,-6,-3,0,-3
1558434139149865,2,5,28,20,19,6,13,-1
1558434139157558,-7,-18,-48,-30,-20,-8,-3,-7
1558434139157558,-3,-5,3,4,-2,1,-8,-6
1558434139173646,1,-3,5,-3,3,-3,1,0
1558434139173646,2,8,1,-6,-8,-5,-15,-7
1558434139174515,-3,-10,-9,-5,1,1,-3,-1
1558434139174515,0,4,11,7,1,-2,-7,-1
1558434139186942,-3,-4,-5,-5,-4,-3,-1,-4
1558434139186942,-5,-2,-4,0,-4,-4,-8,-5
1558434139195546,6,7,23,10,12,14,16,7
1558434139195546,4,17,43,22,3,0,-11,-6
1558434139209753,-17,-32,-83,-53,-24,-16,-6,-9
1558434139209753,-6,-4,-12,-9,-4,0,-4,-2
1558434139218598,0,7,-2,-8,1,-2,-1,-2
1558434139218598,4,-2,34,23,6,0,7,2
1558434139232361,0,6,-9,-5,-11,-1,-8,-1
1558434139232361,-4,-16,-12,-6,-9,-4,-3,-2
1558434139234356,2,8,7,0,-1,-1,-1,3
1558434139234356,0,6,-3,2,7,8,10,5
1558434139246629,8,12,69,45,24,10,6,6
1558434139246629,-9,-22,-84,-50,-20,-16,-10,-7
1558434139255299,6,0,0,-12,-7,-4,2,0
1558434139255299,-16,-19,-6,-7,-11,3,3,-3
1558434139269562,-4,-4,-9,-12,-6,-2,-1,-3
1558434139269562,8,16,37,26,15,3,5,5
1558434139278237,-1,-4,9,8,3,-1,-16,-8
1558434139278237,3,-1,-31,-17,-5,-5,6,0
1558434139293482,8,16,19,22,23,13,9,6
1558434139293482,-4,5,10,1,-5,-4,-6,-2
1558434139294196,0,-7,2,8,-5,-7,5,-1
1558434139294196,-2,-2,-16,-11,-2,9,2,-2
1558434139307265,-1,2,11,6,3,5,0,-2
1558434139307265,2,-8,-26,-23,-5,-1,7,4
1558434139315436,-13,-14,-22,-17,-12,-13,-23,-9
1558434139315436,5,2,20,12,1,-2,9,7
1558434139329106,5,8,18,16,10,7,2,2
1558434139329106,-6,-6,-9,-11,-6,-5,1,-2
1558434139338076,2,9,18,9,0,-3,-17,1
1558434139338076,-1,-2,-4,3,8,3,13,-2
1558434139353035,-2,-4,-10,-5,-4,-7,-5,-2
1558434139353035,6,21,51,38,15,11,3,0
1558434139354034,-12,-29,-51,-37,-19,-8,-4,-5
1558434139354034,3,3,18,9,-1,-3,-6,0
1558434139366000,-7,-17,-61,-28,-14,-11,-4,-6
1558434139366000,3,3,24,14,7,10,9,4
1558434139375013,6,12,24,21,4,6,7,1
1558434139375013,-12,-9,-11,-4,-8,-7,-7,-8
1558434139388939,0,2,-3,-3,-3,8,-4,-4
1558434139388939,2,-4,-2,-2,-2,-2,-11,-2
1558434139397917,1,10,11,14,12,3,18,6
1558434139397917,1,2,-16,-4,-1,-11,-17,-3
1558434139411905,-1,-3,-3,-10,4,-2,-6,-5
1558434139411905,-4,-6,1,0,-11,-2,-5,-2
1558434139418860,2,3,4,-2,-1,2,7,2
1558434139418860,3,10,-14,-7,-4,-4,-3,1
1558434139426839,6,-2,3,0,3,4,5,3
1558434139426839,-1,-4,31,20,2,-5,1,1
1558434139435815,-2,-1,-29,-17,-10,-9,-4,-9
1558434139435815,-3,-13,-7,-8,-1,4,4,-1
1558434139448779,3,8,11,2,-5,-7,-5,5
1558434139448779,3,15,8,8,8,10,11,2
1558434139457755,-2,-1,11,7,6,4,-2,-2
1558434139457755,2,5,1,-3,0,-4,-4,-2
1558434139471721,-7,-14,-10,0,-1,2,17,0
1558434139471721,0,-8,-23,-13,-6,-6,-6,-3
1558434139478700,-7,11,33,20,11,3,-1,-2
1558434139478700,-5,-24,-42,-24,-1,4,-1,1
1558434139486712,5,14,32,16,7,1,-2,0
1558434139486712,1,3,-6,-6,0,4,0,-1
1558434139495653,-4,-12,-17,-4,-2,1,7,1
1558434139495653,-1,1,11,-4,-8,-7,-4,-1
1558434139508619,1,13,7,10,5,6,-7,-2
1558434139508619,-9,-20,-30,-20,-3,0,4,-2
1558434139517596,5,5,4,2,-3,3,5,4
1558434139517596,-3,0,18,16,6,3,-4,-5
1558434139532557,3,2,-5,-8,-9,-7,-3,3
1558434139532557,-3,2,-3,-2,-5,-9,-6,-1
1558434139538540,-1,-7,-13,-16,-7,-6,-19,-6
1558434139538540,-7,-19,-6,0,6,9,12,2
1558434139546519,2,9,10,3,1,-4,-2,4
1558434139546519,-3,-7,13,17,8,2,7,4
1558434139555496,-6,-19,-54,-35,-9,-9,-8,-5
1558434139555496,5,10,1,-13,-12,-6,-11,-5
1558434139568460,-4,0,3,6,1,3,-12,-6
1558434139568460,-6,-5,2,-3,-2,-3,5,2
1558434139577471,0,4,-1,-4,3,-2,-1,0
1558434139577471,2,4,25,18,1,-1,5,2
1558434139592395,-3,-10,-36,-25,-13,-11,-6,-1
1558434139592395,4,8,-9,-9,2,3,-7,-2
1558434139599376,-11,-8,8,3,2,-2,0,-3
1558434139599376,0,4,14,13,6,7,7,0
1558434139615335,4,10,5,9,2,2,6,0
1558434139615335,-6,-22,-14,-7,-8,-3,-7,-3
1558434139616332,-2,-6,0,-3,-16,-8,-8,-3
1558434139616332,-5,-7,-6,2,5,4,-2,-1
1558434139629332,-1,-5,19,5,-5,-11,-18,-4
1558434139629332,7,28,-16,-5,-3,-2,-2,-3
1558434139638274,-5,-13,5,2,-5,0,-2,-4
1558434139638274,6,13,11,13,-3,-1,-4,-1
1558434139652269,-8,-17,-16,-8,1,3,-3,-8
1558434139652269,0,1,8,2,-7,-9,-9,-5
1558434139659215,17,30,32,12,12,10,12,10
1558434139659215,-7,-18,-42,-18,-7,-10,-6,-4
1558434139675212,-5,1,15,10,12,7,8,5
1558434139675212,-8,-14,-2,2,-6,-9,-7,-2
1558434139677175,4,8,8,5,4,4,6,2
1558434139677175,-1,-2,7,5,7,1,-8,-3
1558434139689175,3,21,11,7,0,0,1,2
1558434139689175,-7,-32,-17,-3,0,3,12,-5
1558434139698114,-1,4,-3,-5,-1,-1,-12,-5
1558434139698114,-4,-4,-6,-6,-12,-4,0,-5
1558434139712111,-3,-17,-10,-5,-6,-4,3,0
1558434139712111,6,19,20,8,12,10,-2,5
1558434139719095,-4,-13,-7,2,0,-2,3,0
1558434139719095,3,10,3,1,5,5,4,2
1558434139735014,-1,2,-20,-18,-10,-2,1,-4
1558434139735014,-4,-1,29,11,-5,-2,2,1
1558434139737009,-9,-18,-16,-4,-5,-2,-1,-3
1558434139737009,3,6,-5,-8,-2,-8,-1,1
1558434139748977,0,4,9,11,-6,-4,3,-3
1558434139748977,3,-1,-19,-17,5,2,-1,-3
1558434139757953,4,6,8,9,-6,-7,-2,-2
1558434139757953,-26,-30,-33,-17,-7,6,10,0
1558434139771917,-1,-10,-11,-1,0,-1,-7,-1
1558434139771917,0,10,-1,-11,-10,-9,-3,-1
1558434139778897,6,5,24,11,8,0,0,3
1558434139778897,6,7,-9,-1,0,1,2,-3
1558434139794855,-2,-9,-19,-22,-5,-3,2,-1
1558434139794855,-2,-2,9,9,5,5,-2,-1
1558434139796850,5,11,4,1,1,-2,0,1
1558434139796850,10,25,15,10,5,3,-9,4
1558434139808851,-15,-19,-19,-15,-10,-1,8,-5
1558434139808851,-6,-26,-13,-10,-9,-11,-6,-5
1558434139817791,2,13,30,22,1,2,-8,-1
1558434139817791,0,-1,-19,-3,7,7,6,1
1558434139831843,-8,-18,2,-5,-4,-3,-7,-7
1558434139831843,0,9,-16,-4,0,3,5,0
1558434139838737,0,1,-2,7,1,-2,-2,3
1558434139838737,-1,-5,15,-3,-10,-6,-2,-2
1558434139855692,1,4,-16,-8,-6,-5,4,2
1558434139855692,-5,-13,-5,-6,-14,-11,-21,-4
1558434139856688,2,2,6,4,8,15,11,6
1558434139856688,8,11,13,7,-3,-12,-2,1
1558434139868656,5,8,20,14,9,1,-2,1
1558434139868656,3,3,5,4,3,-1,2,1
1558434139877633,-1,7,-14,-7,-4,6,0,-3
1558434139877633,-11,-24,-13,-6,-3,0,0,-5
1558434139891594,-2,-14,17,19,8,1,5,4
1558434139891594,1,12,-8,4,1,11,13,-1
1558434139898577,-2,-8,-7,-10,-5,-11,-3,-2
1558434139898577,5,20,26,21,11,10,0,3
1558434139915569,4,6,-13,-9,-5,-2,-3,1
1558434139915569,2,4,-1,-5,2,-1,-6,-1
1558434139916528,-5,-21,0,-1,-1,-4,-3,-3
1558434139916528,-2,3,13,3,-12,-6,-5,-2
1558434139937473,-7,2,0,2,10,7,2,-2
1558434139937473,-2,-3,12,8,1,-1,1,0
1558434139939467,0,2,-17,-17,-11,-9,6,-5
1558434139939467,6,-4,5,-10,-14,-20,-16,0
1558434139952471,9,10,12,19,15,20,9,7
1558434139952471,-7,-10,-16,-14,-9,-7,-3,0
1558434139958416,-4,-7,-8,-3,3,0,0,-4
1558434139958416,-2,2,30,12,0,-8,-5,-4
1558434139975406,-3,-1,-48,-32,-20,-15,-11,-4
1558434139975406,3,3,47,26,10,10,4,2
1558434139976404,-1,8,-59,-27,-13,-8,-10,-1
1558434139976404,-5,-22,11,3,11,6,13,8
1558434139989333,-1,-4,-1,-2,-3,-7,-8,-5
1558434139989333,-2,-1,1,4,-3,-8,-5,-4
1558434139997313,-1,-1,22,9,8,4,1,1
1558434139997313,3,15,-30,-18,1,13,-3,1
1558434140012302,0,-3,14,6,7,8,3,8
1558434140012302,10,6,-11,-10,2,8,7,5
1558434140019292,0,7,43,22,14,13,-1,2
1558434140019292,-16,-25,-68,-39,-16,-6,-5,-8
1558434140035248,-2,-11,10,5,4,1,-4,-8
1558434140035248,5,14,37,23,-1,-4,-7,0
1558434140036249,-15,-29,-84,-73,-26,-6,0,-5
1558434140036249,8,9,27,11,9,-4,0,1
1558434140049173,3,19,14,7,1,-1,-1,1
1558434140049173,-13,-32,-26,-20,-8,-1,0,-6
1558434140058149,0,2,21,21,6,-4,3,2
1558434140058149,-6,-10,-2,2,1,0,-7,-2
1558434140071114,1,7,-3,-11,-13,-4,7,-1
1558434140071114,-3,4,-6,11,8,0,1,-4
1558434140080091,13,19,29,14,-2,5,3,5
1558434140080091,-8,-16,-40,-30,-6,-6,-3,-4
1558434140095086,0,-3,33,23,10,4,0,-1
1558434140095086,5,12,5,4,4,-10,-2,4
1558434140097045,-2,6,-6,7,7,5,1,-1
1558434140097045,-3,4,7,1,-5,2,4,-4
1558434140109014,0,9,19,12,-3,-10,-17,-5
1558434140109014,-5,-10,-13,-8,3,6,10,1
1558434140117989,-4,-9,-30,-24,-11,-12,-8,-4
1558434140117989,4,7,16,10,1,2,6,-1
1558434140130956,-2,-5,-3,0,-3,-1,-13,-2
1558434140130956,0,11,7,-4,2,9,5,1
1558434140139932,2,0,4,5,0,1,-2,-2
1558434140139932,-2,-14,0,3,-1,-3,0,2
1558434140154892,-11,-12,-18,-4,0,-2,-1,0
1558434140154892,3,14,-3,-6,-6,-1,-2,-2
1558434140156886,-9,-9,12,17,1,-4,-7,0
1558434140156886,1,0,10,6,7,5,-10,4
1558434140168911,-2,-11,-34,-26,-14,-5,10,-2
1558434140168911,4,10,23,7,3,-7,-16,-3
1558434140177831,1,9,-10,5,12,16,11,3
1558434140177831,-3,-10,-8,-10,-17,-12,-19,-8
1558434140192145,1,-4,4,-3,4,-2,4,1
1558434140192145,-3,-11,-44,-11,-4,2,6,-2
1558434140200768,-1,-7,10,-2,-11,-12,-6,-4
1558434140200768,2,8,16,7,7,2,-5,-1
1558434140215729,8,11,31,24,17,13,16,5
1558434140215729,-9,-19,-61,-45,-34,-21,-7,-6
1558434140216736,5,28,13,3,6,-6,-5,2
1558434140216736,-13,-47,2,9,6,9,5,-1
1558434140229751,2,4,9,-15,-14,-4,1,-4
1558434140229751,-1,10,-9,-1,1,-7,-2,-2
1558434140237669,0,-9,9,22,2,-3,4,-5
1558434140237669,0,16,-30,-23,-8,-2,4,-1
1558434140251998,-3,-5,-16,-10,-19,-14,-8,-2
1558434140251998,1,1,20,10,3,6,-3,-2
1558434140260610,-2,-4,5,2,2,6,2,-1
1558434140260610,1,13,20,16,9,-3,1,0
1558434140275875,-7,-14,-10,-1,-2,1,-2,-4
1558434140275875,-1,9,-6,-17,-4,-3,-10,-3
1558434140276569,-1,-10,-20,-17,-9,-11,0,0
1558434140276569,2,13,21,20,5,10,12,-3
1558434140289531,-5,0,-24,-21,-2,-3,-5,-6
1558434140289531,6,6,35,20,11,5,3,5
1558434140297663,1,2,-8,-2,4,-3,0,0
1558434140297663,-11,-42,-17,-7,-1,-4,-2,-1
1558434140311501,3,6,5,9,-2,-2,1,3
1558434140311501,1,1,8,4,0,5,2,-1
1558434140320447,2,4,5,4,8,8,1,2
1558434140320447,7,27,3,2,3,12,15,3
1558434140334411,-6,-7,-4,5,-3,-2,-9,-4
1558434140334411,-4,-13,6,3,-4,-8,-7,-4
1558434140341392,-2,5,-9,-24,-8,-5,-22,-6
1558434140341392,-4,-22,-27,-16,-13,-11,1,-1
1558434140349370,8,5,15,14,10,9,15,4
1558434140349370,-9,-4,4,8,5,1,2,-3
1558434140357351,4,5,11,0,-6,-3,0,3
1558434140357351,7,20,-5,-3,-2,-2,2,1
1558434140371312,-4,-6,2,-8,-1,-1,-4,2
1558434140371312,-2,-10,-37,-3,0,1,-4,1
1558434140380287,-8,-17,6,-4,5,5,11,1
1558434140380287,10,30,19,13,-1,-6,-2,-2
1558434140395249,1,-11,15,8,-4,-8,-13,-3
1558434140395249,-1,-1,-9,5,4,-2,10,0
1558434140401231,-3,-3,1,3,-4,4,1,-3
1558434140401231,-3,-9,-14,-14,-9,-9,0,-3
1558434140409249,3,10,4,4,7,-1,-7,3
1558434140409249,-4,-7,0,-14,-14,0,-10,-3
1558434140418185,0,-3,-11,1,-10,-13,-6,-3
1558434140418185,-1,6,-16,-14,3,5,2,1
1558434140431152,-2,3,8,2,4,-1,0,-1
1558434140431152,-3,-16,-24,-17,-7,-11,-12,-4
1558434140440127,3,8,14,9,-10,-5,-6,0
1558434140440127,2,0,20,16,10,9,3,0
1558434140454090,1,-3,-2,3,3,2,12,2
1558434140454090,-2,1,-7,-8,-6,-4,-1,-2
1558434140461073,0,-5,9,4,2,-3,-1,0
1558434140461073,-8,-3,-4,-2,0,-8,-5,-3
1558434140469083,-4,-8,-4,2,5,11,-4,-4
1558434140469083,0,5,15,16,5,4,9,-1
1558434140478030,1,5,-8,-14,-4,-4,2,0
1558434140478030,-13,-29,-41,-40,-32,-25,-24,-10
1558434140490992,9,14,10,11,11,11,4,4
1558434140490992,-4,-9,-11,-14,-4,-3,-2,-1
1558434140499968,1,-4,3,9,5,5,3,2
1558434140499968,4,6,3,1,3,5,11,3
1558434140514963,-3,5,-15,-8,-15,-14,-5,-3
1558434140514963,5,-5,15,19,5,1,-11,1
1558434140521909,-7,-10,-21,-5,5,12,1,-4
1558434140521909,3,7,19,15,10,10,-3,2
1558434140537866,-7,-6,-4,-5,-3,2,-2,-3
1558434140537866,4,10,1,5,9,4,-3,-5
1558434140538865,-1,-7,1,-5,1,-3,2,0
1558434140538865,5,2,-1,0,-7,-5,-6,-5
1558434140551881,-11,-7,-8,-10,2,0,6,0
1558434140551881,1,10,1,-7,-2,1,7,0
1558434140559807,-5,-7,24,10,1,-9,-4,2
1558434140559807,-1,-5,-20,-4,-6,-8,-12,-5
1558434140574768,0,-13,-2,-11,-1,7,-5,-1
1558434140574768,-2,-2,-1,-8,-7,-2,3,0
1558434140581749,6,9,16,19,10,6,9,1
1558434140581749,2,8,8,1,-7,-5,3,0
1558434140597705,2,-11,-12,-3,-6,-5,1,2
1558434140597705,-1,17,1,-2,5,-4,-8,2
1558434140598703,-4,-19,-14,-17,-14,-4,-4,-5
1558434140598703,2,-4,23,16,12,7,2,2
1558434140611706,5,9,15,17,13,3,4,2
1558434140611706,-4,-5,-17,-18,-18,-13,1,-4
1558434140620646,4,14,-11,-9,-5,-2,2,4
1558434140620646,1,-3,7,7,5,0,0,2
1558434140634606,-11,-8,-7,-4,-6,-4,-1,-6
1558434140634606,1,1,25,10,4,2,5,5
1558434140641616,2,-3,-2,7,5,7,-2,-5
1558434140641616,-8,-4,-9,-8,-5,-6,0,-1
1558434140658617,5,10,0,3,-4,-8,-5,2
1558434140658617,-3,-15,-20,-19,-6,-4,1,-1
1558434140659542,4,12,6,-8,-6,1,-1,-4
1558434140659542,-7,-8,6,12,12,11,14,1
1558434140680557,-2,-2,3,-5,-5,-4,4,-3
1558434140680557,-3,-6,0,7,-5,-3,-6,-2
1558434140681481,-2,-2,4,9,6,-5,-1,1
1558434140681481,8,17,8,10,5,8,0,2
1558434140694524,-4,0,-13,-17,-8,-6,-11,-3
1558434140694524,-2,-7,0,0,5,13,4,-2
1558434140701506,0,-9,10,4,2,2,2,1
1558434140701506,-1,1,-9,-7,-8,-11,-15,-4
1558434140717419,7,20,21,15,9,6,8,3
1558434140717419,4,-3,-8,-7,4,2,1,4
1558434140719382,1,9,25,24,9,3,-1,1
1558434140719382,-7,-10,-24,-32,-14,-8,5,0
1558434140731389,5,8,3,4,0,-5,-5,-2
1558434140731389,-2,7,10,11,-2,0,1,-4
1558434140740330,-8,-26,-46,-32,-12,-3,1,-3
1558434140740330,-4,-3,0,-6,-3,3,-5,-5
1558434140754288,2,4,8,2,0,0,5,4
1558434140754288,2,6,24,14,2,-2,2,-1
1558434140761299,-11,-10,-20,-6,3,5,-6,-2
1558434140761299,8,6,8,15,5,-5,-4,-1
1558434140778223,-8,-8,-14,-9,0,9,6,0
1558434140778223,-7,-9,-2,2,-10,-5,0,-4
1558434140779235,1,4,5,-6,4,0,-4,-1
1558434140779235,6,16,7,-1,-3,-3,-11,-2
1558434140791315,-1,-10,7,15,3,-3,3,0
1558434140791315,0,-9,-18,-10,1,-3,-1,1
1558434140800165,-1,-1,-11,-11,-12,-8,-2,-4
1558434140800165,-10,-11,25,10,2,-1,6,1
1558434140814193,-1,-4,-43,-18,-8,-4,-10,-5
1558434140814193,2,3,7,5,6,13,6,3
1558434140821114,8,16,14,-4,-1,-5,0,0
1558434140821114,-1,-4,0,2,2,4,6,-2
1558434140838064,-11,-22,-19,-7,-4,-8,-9,-3
1558434140838064,0,5,10,3,8,0,-1,0
1558434140839063,-10,-20,-7,-4,-14,-10,-4,-3
1558434140839063,2,8,-13,-2,4,0,0,-1
1558434140851072,4,6,6,-4,-4,-3,0,-1
1558434140851072,5,20,14,5,4,0,-2,0
1558434140860012,-10,-25,-4,6,2,0,-4,-4
1558434140860012,1,4,5,-2,-9,-8,-11,-3
1558434140874990,3,4,18,9,9,8,9,2
1558434140874990,-4,-7,-25,-23,-6,-2,-5,-2
1558434140880978,5,17,22,13,-1,0,-5,3
1558434140880978,-6,-19,-14,-5,-2,-3,2,1
1558434140897937,2,4,0,-5,4,0,2,2
1558434140897937,-2,-7,13,10,6,7,-1,1
1558434140899899,0,-1,-11,0,-4,-4,-7,-2
1558434140899899,-4,0,12,5,0,-3,1,-2
1558434140911865,7,10,1,2,-1,0,0,-2
1558434140911865,-1,-7,-17,-14,-8,-7,0,-5
1558434140919844,-1,-4,6,10,5,0,0,-3
1558434140919844,-2,13,1,0,-5,-2,-6,-4
1558434140934804,-8,-25,-4,-2,-3,-7,0,-2
1558434140934804,8,27,-3,0,0,-7,-10,0
1558434140941787,-13,-36,-12,-10,-5,0,0,-1
1558434140941787,6,6,11,10,5,2,-12,1
1558434140957744,-2,3,-2,-10,-1,7,14,0
1558434140957744,-1,1,12,7,12,10,4,0
1558434140958741,2,7,-15,-7,-15,-11,-6,-4
1558434140958741,4,5,8,4,5,7,3,5
1558434140971707,-12,-8,-20,-9,-8,-2,-16,-7
1558434140971707,-10,-2,-10,-10,-18,-20,-5,-6
1558434140980682,-6,-8,12,19,13,5,3,-2
1558434140980682,-4,-11,-2,-9,-8,-5,-3,-3
1558434140994645,3,12,7,-7,-12,-5,-12,-4
1558434140994645,0,4,-6,2,-7,-3,-1,0
1558434141001626,1,14,15,14,14,14,3,2
1558434141001626,4,4,-28,-10,0,-2,3,0
1558434141017584,-4,-6,9,2,-6,-5,-6,-2
1558434141017584,-6,-20,5,-1,1,1,-2,-1
1558434141019578,2,2,-14,-11,-5,-6,2,-2
1558434141019578,12,20,21,19,16,11,11,6
1558434141031545,2,9,-4,-11,-4,-1,-2,1
1558434141031545,-3,-12,-9,4,6,9,7,-2
1558434141040522,3,8,2,0,11,6,6,2
1558434141040522,-7,-11,-8,-13,-13,3,-10,-7
1558434141054489,6,5,-7,5,2,-3,12,5
1558434141054489,3,3,7,5,1,-2,-4,0
1558434141061472,-9,3,2,-6,-7,-8,-2,-4
1558434141061472,-2,-1,11,11,2,-2,2,-2
1558434141077428,-4,-7,-14,-4,-11,-3,-5,-3
1558434141077428,-2,-13,-40,-37,-8,-3,1,1
1558434141079420,9,24,17,5,10,7,-1,1
1558434141079420,-16,-35,-23,-20,-16,-10,5,-6
1558434141091391,-1,6,17,5,-4,0,-13,-8
1558434141091391,-2,-4,17,17,6,-3,-1,1
1558434141100364,-2,-6,-22,-15,-9,-6,-8,-3
1558434141100364,-3,-3,-12,-8,-6,-7,-8,-3
1558434141114326,0,1,10,11,1,1,2,1
1558434141114326,4,16,35,25,3,-5,-2,2
1558434141121310,-6,-13,-20,-11,-8,1,1,-3
1558434141121310,0,-2,-14,-17,-1,-2,-2,1
1558434141138265,-4,-4,-22,-27,-10,-10,-7,-8
1558434141138265,-2,-1,26,14,7,9,2,-1
1558434141139264,6,9,23,22,5,-4,-4,0
1558434141139264,-11,-10,-16,-4,6,5,10,-2
1558434141151228,4,11,-3,0,2,2,2,4
1558434141151228,-4,-23,-16,-11,-4,1,-4,-2
1558434141160202,0,-2,8,-3,-8,-7,-6,-1
1558434141160202,1,11,-4,3,2,-1,1,4
1558434141174165,1,-6,5,11,4,-2,9,7
1558434141174165,0,6,-1,2,9,9,-5,-1
1558434141181164,0,-2,-12,-9,-6,-4,-4,-2
1558434141181164,8,12,20,9,-2,0,-1,2
1558434141198101,-10,-8,-5,-1,0,-7,-6,-3
1558434141198101,-1,1,-12,-13,-6,-5,-3,-3
1558434141199099,-4,-18,-1,2,2,5,12,4
1558434141199099,-1,0,-11,-5,-3,-5,-2,-1
1558434141211065,2,-2,-4,2,1,3,-4,-1
1558434141211065,-7,-12,-8,-6,-7,-4,-2,-3
1558434141220041,-5,4,12,7,-5,-1,-13,-4
1558434141220041,8,14,13,7,9,8,14,5
1558434141235002,-4,-12,-4,-10,-11,-12,-11,0
1558434141235002,-5,0,-21,-16,-18,-10,4,-4
1558434141240986,2,11,18,9,6,5,2,-1
1558434141240986,-17,-54,-36,-25,-11,-9,-10,-4
1558434141256946,1,14,-6,0,0,-3,-4,-1
1558434141256946,1,-5,-3,-4,4,1,7,6
1558434141263928,8,12,8,12,3,-6,0,-2
1558434141263928,3,14,-4,-5,-7,-4,3,1
1558434141271903,-7,-7,4,-13,7,13,-2,-6
1558434141271903,-1,0,18,20,9,4,-1,1
1558434141279885,-2,-5,-23,-23,-9,1,4,2
1558434141279885,4,7,-3,1,3,1,0,2
1558434141294844,-2,-4,11,11,-2,-2,-3,-3
1558434141294844,-10,-15,-7,-6,2,2,-6,-13
1558434141301823,2,-5,-9,2,16,13,4,1
1558434141301823,-12,-8,-2,-1,-2,4,-1,-4
1558434141317780,-1,5,3,10,-2,5,8,1
1558434141317780,1,-1,-4,-4,-12,-14,-9,-3
1558434141323764,-3,-3,7,8,1,-14,-6,-3
1558434141323764,3,6,10,1,6,8,-6,0
1558434141331743,2,-1,4,10,10,7,6,3
1558434141331743,8,13,14,15,10,5,2,2
1558434141340722,-2,9,-13,-20,-9,-1,-9,-1
1558434141340722,-9,-17,-13,6,5,-6,7,1
1558434141354690,-2,-7,-5,-12,-11,-4,-3,-2
1558434141354690,-3,-5,0,-4,-4,-2,-2,-1
1558434141361663,4,1,7,4,-1,-1,3,4
1558434141361663,9,17,29,19,4,0,-14,-1
1558434141376624,0,6,17,13,3,1,-6,-1
1558434141376624,-1,-3,-48,-36,-12,-5,13,1
1558434141383604,-1,-1,8,7,-3,-2,-2,-6
1558434141383604,-13,-30,-29,-21,-4,-2,-2,-2
1558434141391583,6,11,6,5,13,7,4,2
1558434141391583,7,13,18,1,-3,-4,-8,3
1558434141400563,-3,8,5,7,-4,2,-2,-5
1558434141400563,4,6,-18,-11,-10,-10,-1,0
1558434141413524,-3,-11,5,4,-2,-10,-1,0
1558434141413524,-3,0,9,8,0,-2,-7,0
1558434141422505,-7,-17,-15,-19,-1,-1,12,3
1558434141422505,5,7,0,-7,-11,-2,-2,-4
1558434141437465,1,6,-24,-15,-6,-8,-4,1
1558434141437465,-10,-19,7,5,4,6,4,-1
1558434141443449,-1,3,-2,-2,-3,-4,-5,0
1558434141443449,7,16,13,5,1,-1,0,0
1558434141460401,-3,2,17,6,-2,-4,13,-1
1558434141460401,-5,1,-7,0,-1,0,-8,-5
1558434141461395,-10,-24,-34,-14,-1,7,6,-2
1558434141461395,-3,-3,15,1,-1,-9,-6,-6
1558434141474366,0,-6,0,9,2,-1,-4,0
1558434141474366,4,8,12,7,8,8,1,6
1558434141482343,-5,-5,8,4,-3,-2,-2,-3
1558434141482343,2,-1,-6,1,-2,1,-5,-3
1558434141497304,4,4,10,-1,0,-1,-4,0
1558434141497304,0,10,12,11,-1,-5,1,-2
1558434141504294,0,-4,-16,-13,2,-2,-4,-1
1558434141504294,-1,0,6,2,0,0,-2,0
1558434141520239,5,9,2,-1,6,3,10,4
1558434141520239,-1,-3,22,11,5,1,2,2
1558434141522234,-7,-2,-25,-19,-13,-8,-1,-5
1558434141522234,-6,-2,25,12,10,9,2,-1
1558434141534208,0,-3,-7,-11,2,13,-1,-2
1558434141534208,2,2,-22,-9,-15,-15,-14,-4
1558434141543178,7,4,9,2,3,-1,3,4
1558434141543178,-5,0,20,17,8,0,6,1
1558434141557149,1,6,8,5,-2,-1,-1,-1
1558434141557149,1,-5,-38,-14,2,2,1,-2
1558434141564130,-14,-22,14,-1,-7,-2,-11,-6
1558434141564130,-2,-1,-11,-3,-10,-3,2,-4
1558434141580080,0,4,20,15,7,-2,1,3
1558434141580080,1,7,-7,-2,-1,3,2,2
1558434141582078,-16,-26,-24,-9,-9,-3,-6,-11
1558434141582078,1,-6,5,2,1,4,1,-2
1558434141594041,-4,-10,-22,-14,-8,-4,-7,-6
1558434141594041,-1,14,14,4,3,1,0,0
1558434141603018,11,12,24,20,9,6,3,4
1558434141603018,-2,7,-11,-10,-6,-11,-8,-1
1558434141616985,-4,-11,-9,-4,2,1,-2,-3
1558434141616985,-1,-8,-7,2,-2,-2,3,-1
1558434141623961,6,10,-5,-6,1,1,1,4
1558434141623961,9,25,28,13,6,0,-1,3
1558434141639917,-17,-41,-38,-21,-8,-7,-4,-5
1558434141639917,-5,-16,17,0,1,-4,-1,-3
1558434141641915,4,7,-9,-8,-1,-2,0,1
1558434141641915,2,11,-11,-15,-13,-7,-8,-6
1558434141653884,2,-2,-7,1,-3,-1,0,-1
1558434141653884,-3,-8,11,9,0,1,-3,0
1558434141662859,-7,-12,-19,-10,-3,-7,-1,-1
1558434141662859,8,-1,5,3,11,1,3,5
1558434141676829,-1,1,-15,-5,-3,-3,3,-1
1558434141676829,-4,2,5,-1,-4,-7,-5,-5
1558434141683802,14,20,20,13,3,0,4,5
1558434141683802,-7,-7,-41,-16,-9,-2,-2,-7
1558434141700758,-13,-31,2,2,0,3,-3,-3
1558434141700758,0,-2,-24,-10,1,2,2,0
1558434141701758,4,6,15,6,4,2,-2,0
1558434141701758,-5,-11,9,7,-1,2,0,0
1558434141713727,-2,6,3,-2,-5,-3,-2,-2
1558434141713727,7,15,18,7,1,1,0,0
1558434141722697,-4,-7,-31,-20,-5,-3,-5,-2
1558434141722697,-1,-24,11,7,7,6,4,-2
1558434141736665,6,22,-1,4,1,1,-1,1
1558434141736665,-2,-9,4,-5,-6,-4,-1,1
1558434141743644,6,23,14,15,4,-1,1,1
1558434141743644,-5,-11,4,2,3,-1,-2,0
1558434141760600,-5,-9,-9,-5,1,1,0,-4
1558434141760600,-5,-5,3,-1,-2,-6,-7,-5
1558434141761596,-6,-7,-5,-11,-9,-3,-3,-2
1558434141761596,0,2,-3,1,-5,-3,-2,-1
1558434141773562,4,9,0,-5,0,-1,0,1
1558434141773562,2,5,-4,-1,-2,2,1,1
1558434141782537,-4,-13,2,3,1,5,7,0
1558434141782537,5,15,14,9,6,5,-1,2
1558434141796501,1,6,-2,-15,-9,-7,-4,0
1558434141796501,2,5,-33,-20,-4,-3,2,2
1558434141803482,7,15,14,6,2,-4,-4,1
1558434141803482,-9,-24,21,19,2,1,-2,0
1558434141820443,5,17,-23,-24,-6,3,3,0
1558434141820443,-6,-19,0,-3,-1,-1,0,-1
1558434141821437,11,9,19,13,5,0,-3,4
1558434141821437,-6,11,-27,-25,-6,-1,-3,-5
1558434141833403,-2,-5,18,17,5,4,1,-1
1558434141833403,0,-6,0,1,-4,-3,2,0
1558434141842385,0,13,15,13,2,-2,-1,-3
1558434141842385,-3,-10,-4,-2,0,0,-2,-1
1558434141857336,-4,-16,-18,-17,-8,-6,-5,-4
1558434141857336,12,14,-4,-6,3,1,4,3
1558434141863322,-14,3,14,3,-3,0,-2,-4
1558434141863322,1,-8,8,13,2,-1,-2,-1
1558434141880276,-14,-10,6,6,2,0,-3,-4
1558434141880276,-4,-20,-23,-10,-9,-5,-10,-5
1558434141881274,9,12,21,10,8,4,12,6
1558434141881274,-5,-7,-23,-21,-8,-7,-1,-1
1558434141894250,1,10,9,8,4,0,-5,0
1558434141894250,-2,-2,-2,-7,-3,1,-5,1
1558434141903216,1,-1,-9,0,0,1,-3,1
1558434141903216,-1,7,-1,-2,-4,1,1,-4
1558434141917177,0,2,34,24,7,2,1,2
1558434141917177,1,1,-14,2,6,3,4,0
1558434141924158,-4,-10,-28,-17,-13,-7,-5,-5
1558434141924158,9,19,7,-1,-2,-3,-3,-1
1558434141940115,-7,-7,-20,-6,-4,-1,-2,-2
1558434141940115,-7,-10,15,3,0,-3,-1,-3
1558434141942110,-3,-12,22,10,2,1,0,-2
1558434141942110,-10,-21,-53,-20,1,2,1,-1
1558434141954080,12,14,8,0,-8,-4,-3,0
1558434141954080,-8,-6,7,3,2,-1,1,0
1558434141963054,-8,-20,-6,3,2,4,1,-1
1558434141963054,7,17,21,9,3,1,2,2
1558434141977017,-5,1,-11,-18,-3,-4,-2,-4
1558434141977017,-1,3,0,0,-5,0,-7,-3
1558434141983998,6,5,3,-2,0,-7,2,2
1558434141983998,-10,-17,-17,-20,-12,-3,1,-3
1558434141999955,3,6,5,5,4,1,2,0
1558434141999955,-5,-16,-16,-13,-4,-2,-4,-4
1558434142001950,3,17,29,19,-1,1,-3,0
1558434142001950,-3,-6,-40,-14,-3,0,3,-3
1558434142013919,2,-6,4,2,0,-7,-6,1
1558434142013919,-3,-2,-3,-8,-7,-2,2,-5
1558434142022894,8,10,-3,-1,2,-3,0,2
1558434142022894,3,-6,20,10,3,0,2,1
1558434142036857,-5,-6,-8,-3,-6,-2,-6,-3
1558434142036857,9,11,8,7,0,-2,3,6
1558434142043838,-4,-4,-25,-24,-3,3,0,-3
1558434142043838,-1,7,12,13,4,-6,-3,-1
1558434142059795,13,17,4,-4,-1,0,-1,1
1558434142059795,-10,-20,29,17,9,6,6,4
1558434142061790,-8,-16,-54,-30,-16,-9,-7,-6
1558434142061790,2,9,3,1,0,-2,-1,1
1558434142073759,-8,1,17,14,3,0,0,-2
1558434142073759,12,10,-14,1,-3,-3,-3,0
1558434142082733,-8,8,21,9,6,5,0,-4
1558434142082733,-4,-13,-24,-11,-6,-3,-3,-1
1558434142096697,0,-16,1,-5,-4,-2,-4,-1
1558434142096697,2,5,-8,-4,3,4,3,-2
1558434142103679,9,1,3,-2,0,-2,0,3
1558434142103679,-10,1,13,11,3,2,-1,-1
1558434142120632,11,25,3,4,5,0,1,1
1558434142120632,-13,-7,26,7,3,3,0,-4
1558434142121630,-7,-26,-71,-43,-16,-10,-7,-5
1558434142121630,13,23,22,5,1,-1,0,2
1558434142133598,-11,-22,-7,5,0,-2,1,-1
1558434142133598,6,27,-21,-4,-2,-2,1,2
1558434142142574,-16,-25,22,5,-2,-4,-6,-6
1558434142142574,-1,0,-12,-10,-7,-1,-3,-4
1558434142156548,0,-4,-3,-7,1,5,6,1
1558434142156548,10,18,6,9,5,1,0,1
1558434142163519,4,-2,-7,2,-2,-3,-4,0
1558434142163519,3,6,15,6,4,4,5,1
1558434142180472,-2,-10,-1,5,2,1,-1,-1
1558434142180472,-3,-9,-16,-9,-11,-5,-3,-2
1558434142182468,2,13,-10,-1,3,2,1,-1
1558434142182468,0,-10,14,7,0,1,-1,-3
1558434142193439,5,15,-5,1,2,1,-3,0
1558434142193439,2,-3,7,4,3,2,1,0
1558434142202414,-22,-12,-6,-6,-6,-4,-4,-8
1558434142202414,0,-11,1,2,-1,2,2,1
1558434142217381,-8,-5,15,7,2,-3,0,-1
1558434142217381,-3,-10,-29,-5,0,-3,-3,-3
1558434142224356,6,17,15,1,-2,-1,-4,1
1558434142224356,2,12,-9,-14,-5,-6,-6,-1
1558434142239316,-18,-34,-14,4,1,0,2,-5
1558434142239316,-3,-2,8,-5,-5,0,-2,-2
1558434142246302,6,11,16,19,9,4,4,3
1558434142246302,3,0,-19,-12,-7,-6,-5,-3
1558434142254281,10,19,13,0,0,-1,-1,1
1558434142254281,-12,-10,-18,-15,-7,-5,-4,-4
1558434142270239,-6,3,11,6,3,0,0,-2
1558434142270239,-18,-17,11,10,1,1,1,-1
1558434142277213,4,9,4,1,4,4,2,3
1558434142277213,-4,-14,-8,-9,-3,-3,-3,-3
1558434142284195,8,-5,0,5,0,2,4,4
1558434142284195,-3,-6,-11,-6,-4,-5,-4,-4
1558434142299161,1,-6,-3,-4,-5,-1,2,-2
1558434142299161,11,26,21,13,3,1,-1,3
1558434142306140,-1,2,-25,-14,-6,-3,-5,-1
1558434142306140,-5,-9,4,5,-3,-4,0,-4
1558434142314117,-18,-26,-23,-5,-4,-4,-4,-6
1558434142314117,0,8,8,2,2,1,0,1
1558434142323091,4,-1,0,1,0,0,0,-1
1558434142323091,7,12,10,5,2,2,-1,2
1558434142337054,11,13,10,6,2,-1,0,4
1558434142337054,-10,-17,-27,-22,-12,-5,-2,-3
1558434142344034,-2,-15,13,7,-3,0,3,-1
1558434142344034,0,5,-15,-9,-2,-2,-4,0
1558434142359994,8,8,-13,-22,-9,-4,-1,-1
1558434142359994,-7,-18,28,25,10,0,-5,-1
1558434142365977,-1,-8,-14,-8,-4,-3,0,-1
1558434142365977,9,14,12,8,3,1,2,2
1558434142382941,-12,-11,-9,-13,-6,-7,-4,-5
1558434142382941,-4,8,-5,-2,-1,-2,-5,-8
1558434142383929,-7,0,8,1,2,4,5,0
1558434142383929,3,-9,18,17,6,0,1,0
1558434142396894,4,11,-16,-12,-9,-1,3,-1
1558434142396894,5,8,24,6,4,5,5,4
1558434142403876,-5,-11,-36,-5,-9,-9,-7,-4
1558434142403876,-2,1,3,-11,-6,-3,0,0
